{
  "L0": {
    "n_programs": 10,
    "n_assays": 50,
    "n_rounds": 20,
    "analyses": {
      "programs": {
        "gamma_mean": 0.8052880167961121,
        "gamma_std": 0.9890337586402893,
        "gamma_min": -1.7291202545166016,
        "gamma_max": 4.993319511413574,
        "gamma_dev_from_1": 0.8173848986625671,
        "beta_mean": -0.032093871384859085,
        "beta_std": 0.08323799073696136,
        "beta_min": -0.40122681856155396,
        "beta_max": 0.23677578568458557,
        "beta_dev_from_0": 0.0676436796784401,
        "gamma_var_across_contexts": 1.2535341511465958e-06,
        "beta_var_across_contexts": 3.166968781442847e-06,
        "is_learning_gamma": true,
        "is_learning_beta": true,
        "is_context_dependent": false
      },
      "pairwise_distances": [
        [
          0.0,
          0.10150825189732487,
          0.1371258083519158,
          0.09979905753113484,
          0.10028145671267655,
          0.1260188716769614,
          0.11389994820712918,
          0.0708042089461844,
          0.097057660655149,
          0.1328980586877109
        ],
        [
          0.10150825189732487,
          0.0,
          0.06300171907267269,
          0.03603629045274249,
          0.04512235410058865,
          0.0634455316559311,
          0.03382558931910078,
          0.06270463380012155,
          0.06219508267368948,
          0.05728566888410303
        ],
        [
          0.1371258083519158,
          0.06300171907267269,
          0.0,
          0.05931456566245619,
          0.052622162823008044,
          0.04312159965208444,
          0.04786455550454022,
          0.0826951608193575,
          0.07212063952067384,
          0.03367063359890657
        ],
        [
          0.09979905753113484,
          0.03603629045274249,
          0.05931456566245619,
          0.0,
          0.051152391305474526,
          0.07144577358954979,
          0.0340763403430016,
          0.06298523182551402,
          0.06823180024512274,
          0.05405707109665268
        ],
        [
          0.10028145671267655,
          0.04512235410058865,
          0.052622162823008044,
          0.051152391305474526,
          0.0,
          0.03933542611153125,
          0.04530999481708145,
          0.04988359054762048,
          0.04064244122418785,
          0.05093526422387931
        ],
        [
          0.1260188716769614,
          0.0634455316559311,
          0.04312159965208444,
          0.07144577358954979,
          0.03933542611153125,
          0.0,
          0.05828804317621133,
          0.06867748408013645,
          0.050489732559041406,
          0.04617762142138439
        ],
        [
          0.11389994820712918,
          0.03382558931910078,
          0.04786455550454022,
          0.0340763403430016,
          0.04530999481708145,
          0.05828804317621133,
          0.0,
          0.07104259743047135,
          0.07140275845171619,
          0.04166582462870162
        ],
        [
          0.0708042089461844,
          0.06270463380012155,
          0.0826951608193575,
          0.06298523182551402,
          0.04988359054762048,
          0.06867748408013645,
          0.07104259743047135,
          0.0,
          0.04494563394624212,
          0.08195942288906248
        ],
        [
          0.097057660655149,
          0.06219508267368948,
          0.07212063952067384,
          0.06823180024512274,
          0.04064244122418785,
          0.050489732559041406,
          0.07140275845171619,
          0.04494563394624212,
          0.0,
          0.07009825100410126
        ],
        [
          0.1328980586877109,
          0.05728566888410303,
          0.03367063359890657,
          0.05405707109665268,
          0.05093526422387931,
          0.04617762142138439,
          0.04166582462870162,
          0.08195942288906248,
          0.07009825100410126,
          0.0
        ]
      ],
      "assays_sample": {
        "n_sampled": 10,
        "gamma_var": 6.22864149590896e-07,
        "beta_var": 5.864129661858897e-07
      }
    },
    "config": {
      "use_l1": false,
      "use_l2": false,
      "use_l3": false,
      "n_programs": 10,
      "n_assays": 50,
      "n_rounds": 20
    }
  },
  "L0_L1": {
    "n_programs": 10,
    "n_assays": 50,
    "n_rounds": 20,
    "analyses": {
      "programs": {
        "gamma_mean": 0.6776267886161804,
        "gamma_std": 0.7876794934272766,
        "gamma_min": -2.9621946811676025,
        "gamma_max": 4.130303859710693,
        "gamma_dev_from_1": 0.6891750693321228,
        "beta_mean": -0.06455360352993011,
        "beta_std": 0.0847974568605423,
        "beta_min": -0.3518981337547302,
        "beta_max": 0.21710914373397827,
        "beta_dev_from_0": 0.08431410789489746,
        "gamma_var_across_contexts": 0.28219136595726013,
        "beta_var_across_contexts": 0.0009671251173131168,
        "is_learning_gamma": true,
        "is_learning_beta": true,
        "is_context_dependent": true
      },
      "pairwise_distances": [
        [
          0.0,
          17.502304206522872,
          16.036751823984694,
          13.295203401112692,
          28.544035684323436,
          14.512361953208242,
          20.069355351995814,
          15.49822776726456,
          13.38134323247235,
          6.5499647167560555
        ],
        [
          17.502304206522872,
          0.0,
          15.42131497451915,
          17.099995019957056,
          22.397876523936436,
          17.445934277462005,
          15.702143321188245,
          18.556361958427537,
          12.850229421193726,
          16.78825473735706
        ],
        [
          16.036751823984694,
          15.42131497451915,
          0.0,
          10.35533763738071,
          24.05759100470234,
          15.002389241552418,
          18.75444984124674,
          19.373197449385184,
          7.9439047632780015,
          13.698943314274212
        ],
        [
          13.295203401112692,
          17.099995019957056,
          10.35533763738071,
          0.0,
          25.97684108012208,
          17.37012762566814,
          19.253002955104733,
          17.660287231858618,
          13.50718723996257,
          10.104849701401076
        ],
        [
          28.544035684323436,
          22.397876523936436,
          24.05759100470234,
          25.97684108012208,
          0.0,
          25.446861053121232,
          22.675857186596247,
          25.598152159249114,
          24.009656718156087,
          27.415463054952898
        ],
        [
          14.512361953208242,
          17.445934277462005,
          15.002389241552418,
          17.37012762566814,
          25.446861053121232,
          0.0,
          13.447952697071893,
          15.051852015491955,
          12.951120129586839,
          13.440338073471173
        ],
        [
          20.069355351995814,
          15.702143321188245,
          18.75444984124674,
          19.253002955104733,
          22.675857186596247,
          13.447952697071893,
          0.0,
          18.27754259697965,
          18.07651932441792,
          17.996486916269966
        ],
        [
          15.49822776726456,
          18.556361958427537,
          19.373197449385184,
          17.660287231858618,
          25.598152159249114,
          15.051852015491955,
          18.27754259697965,
          0.0,
          18.981558682044184,
          15.906041901099016
        ],
        [
          13.38134323247235,
          12.850229421193726,
          7.9439047632780015,
          13.50718723996257,
          24.009656718156087,
          12.951120129586839,
          18.07651932441792,
          18.981558682044184,
          0.0,
          12.713570676117465
        ],
        [
          6.5499647167560555,
          16.78825473735706,
          13.698943314274212,
          10.104849701401076,
          27.415463054952898,
          13.440338073471173,
          17.996486916269966,
          15.906041901099016,
          12.713570676117465,
          0.0
        ]
      ],
      "assays_sample": {
        "n_sampled": 10,
        "gamma_var": 6.450754153775051e-05,
        "beta_var": 2.123486183336354e-06
      }
    },
    "config": {
      "use_l1": true,
      "use_l2": false,
      "use_l3": false,
      "n_programs": 10,
      "n_assays": 50,
      "n_rounds": 20
    }
  },
  "L0_L1_L2": {
    "n_programs": 10,
    "n_assays": 50,
    "n_rounds": 20,
    "analyses": {
      "programs": {
        "gamma_mean": 0.6101702451705933,
        "gamma_std": 0.5813211798667908,
        "gamma_min": -2.0824079513549805,
        "gamma_max": 3.3851799964904785,
        "gamma_dev_from_1": 0.5804482698440552,
        "beta_mean": -0.08161840587854385,
        "beta_std": 0.10651452094316483,
        "beta_min": -0.622206449508667,
        "beta_max": 0.31643107533454895,
        "beta_dev_from_0": 0.10709802061319351,
        "gamma_var_across_contexts": 0.06903332471847534,
        "beta_var_across_contexts": 0.001960386522114277,
        "is_learning_gamma": true,
        "is_learning_beta": true,
        "is_context_dependent": true
      },
      "pairwise_distances": [
        [
          0.0,
          7.061759881346523,
          7.253029788304268,
          7.7814952325915705,
          9.98648180677126,
          9.199899925748097,
          11.506077047141051,
          10.74784107352414,
          7.133210371706628,
          7.1557911170364585
        ],
        [
          7.061759881346523,
          0.0,
          7.811013779896793,
          5.816100785800954,
          7.2845795639368305,
          9.504323559661684,
          8.654363127235642,
          9.945059796341495,
          7.115288710458841,
          7.292081084102055
        ],
        [
          7.253029788304268,
          7.811013779896793,
          0.0,
          7.069808565178177,
          8.653123079826475,
          10.173444154284667,
          11.374473906115991,
          11.021459392181331,
          8.903641036629319,
          5.727139242829782
        ],
        [
          7.7814952325915705,
          5.816100785800954,
          7.069808565178177,
          0.0,
          8.745039544541935,
          8.987501864175492,
          9.339446995630384,
          9.970484882528956,
          8.500879295210323,
          7.117091945600079
        ],
        [
          9.98648180677126,
          7.2845795639368305,
          8.653123079826475,
          8.745039544541935,
          0.0,
          10.220309798857386,
          8.631669923150392,
          10.093344059701646,
          8.007954168571587,
          8.912409506837559
        ],
        [
          9.199899925748097,
          9.504323559661684,
          10.173444154284667,
          8.987501864175492,
          10.220309798857386,
          0.0,
          8.960625938298493,
          9.94445926713799,
          7.889783350463059,
          10.051488473421161
        ],
        [
          11.506077047141051,
          8.654363127235642,
          11.374473906115991,
          9.339446995630384,
          8.631669923150392,
          8.960625938298493,
          0.0,
          9.170126864497242,
          9.819875598510801,
          11.069009819996305
        ],
        [
          10.74784107352414,
          9.945059796341495,
          11.021459392181331,
          9.970484882528956,
          10.093344059701646,
          9.94445926713799,
          9.170126864497242,
          0.0,
          9.97906472362865,
          10.512526941303861
        ],
        [
          7.133210371706628,
          7.115288710458841,
          8.903641036629319,
          8.500879295210323,
          8.007954168571587,
          7.889783350463059,
          9.819875598510801,
          9.97906472362865,
          0.0,
          9.141162930245995
        ],
        [
          7.1557911170364585,
          7.292081084102055,
          5.727139242829782,
          7.117091945600079,
          8.912409506837559,
          10.051488473421161,
          11.069009819996305,
          10.512526941303861,
          9.141162930245995,
          0.0
        ]
      ],
      "assays_sample": {
        "n_sampled": 10,
        "gamma_var": 0.032155223190784454,
        "beta_var": 0.001215566648170352
      }
    },
    "config": {
      "use_l1": true,
      "use_l2": true,
      "use_l3": false,
      "n_programs": 10,
      "n_assays": 50,
      "n_rounds": 20
    }
  },
  "L0_L1_L2_L3": {
    "n_programs": 10,
    "n_assays": 50,
    "n_rounds": 20,
    "analyses": {
      "programs": {
        "gamma_mean": 0.5838876366615295,
        "gamma_std": 0.5526694059371948,
        "gamma_min": -1.2815494537353516,
        "gamma_max": 3.246614456176758,
        "gamma_dev_from_1": 0.5787795782089233,
        "beta_mean": -0.0885537788271904,
        "beta_std": 0.12027431279420853,
        "beta_min": -0.842212438583374,
        "beta_max": 0.4186062216758728,
        "beta_dev_from_0": 0.11838977038860321,
        "gamma_var_across_contexts": 0.05846899002790451,
        "beta_var_across_contexts": 0.0022427295334637165,
        "is_learning_gamma": true,
        "is_learning_beta": true,
        "is_context_dependent": true
      },
      "pairwise_distances": [
        [
          0.0,
          8.121700894581334,
          7.3755176812944025,
          6.4864753394444685,
          10.54335166765595,
          7.828537183950547,
          9.230034616316447,
          9.369661853188038,
          6.885922283677383,
          6.4212943285964315
        ],
        [
          8.121700894581334,
          0.0,
          8.854243479150112,
          6.8592109201608,
          8.47753591501492,
          7.230595569956851,
          7.5388545212754545,
          8.773317557361445,
          8.203559745713896,
          7.686776510483896
        ],
        [
          7.3755176812944025,
          8.854243479150112,
          0.0,
          5.859303245474828,
          10.31018178865238,
          7.430913745798265,
          9.954741599628418,
          9.183007235313179,
          5.492901964702098,
          6.68517026236417
        ],
        [
          6.4864753394444685,
          6.8592109201608,
          5.859303245474828,
          0.0,
          8.220646659571363,
          8.26406103384176,
          8.046268855277859,
          8.915011317038688,
          7.526991579801914,
          6.13083310275506
        ],
        [
          10.54335166765595,
          8.47753591501492,
          10.31018178865238,
          8.220646659571363,
          0.0,
          9.831396444238067,
          7.653488975906629,
          11.928787100092388,
          9.90235964682225,
          8.784627959345421
        ],
        [
          7.828537183950547,
          7.230595569956851,
          7.430913745798265,
          8.26406103384176,
          9.831396444238067,
          0.0,
          8.274205577370527,
          7.354498551476145,
          6.666801714872978,
          7.351913506327418
        ],
        [
          9.230034616316447,
          7.5388545212754545,
          9.954741599628418,
          8.046268855277859,
          7.653488975906629,
          8.274205577370527,
          0.0,
          8.984304159939192,
          9.617247854006683,
          8.569876869456866
        ],
        [
          9.369661853188038,
          8.773317557361445,
          9.183007235313179,
          8.915011317038688,
          11.928787100092388,
          7.354498551476145,
          8.984304159939192,
          0.0,
          8.965857170283627,
          9.646558420751782
        ],
        [
          6.885922283677383,
          8.203559745713896,
          5.492901964702098,
          7.526991579801914,
          9.90235964682225,
          6.666801714872978,
          9.617247854006683,
          8.965857170283627,
          0.0,
          7.730833748065155
        ],
        [
          6.4212943285964315,
          7.686776510483896,
          6.68517026236417,
          6.13083310275506,
          8.784627959345421,
          7.351913506327418,
          8.569876869456866,
          9.646558420751782,
          7.730833748065155,
          0.0
        ]
      ],
      "assays_sample": {
        "n_sampled": 10,
        "gamma_var": 0.034473318606615067,
        "beta_var": 0.0018276413902640343
      }
    },
    "config": {
      "use_l1": true,
      "use_l2": true,
      "use_l3": true,
      "n_programs": 10,
      "n_assays": 50,
      "n_rounds": 20
    }
  }
}